226 78
225 80
225 82
225 84
225 86
225 88
224 90
224 92
224 94
224 96
224 98
224 100
223 102
223 104
223 106
223 108
223 110
222 112
222 114
222 116
222 118
222 120
222 122
222 124
222 126
222 128
222 130
222 132
222 134
222 136
222 138
222 140
222 142
222 144
222 146
222 148
222 150
222 152
222 154
222 156
222 158
222 160
222 162
222 164
223 167
222 169
222 171
222 173
222 175
222 177
222 179
222 181
222 183
221 185
221 187
221 189
221 191
221 193
221 195
221 197
221 199
220 201
220 203
220 205
220 207
220 209
220 211
220 213
220 215
219 216
219 218
218 220
218 222
218 224
217 226
217 228
217 230
216 232
216 234
216 236
215 238
215 240
215 242
214 244
214 246
214 248
213 250
213 252
213 254
212 256
212 258
212 260
211 262
211 264
211 266
210 268
210 270
210 272
209 274
209 276
209 278
208 280
208 282
208 284
207 286
207 288
207 290
207 292
207 294
207 296
208 298
208 300
208 302
208 304
209 306
209 308
209 310
210 312
210 314
210 316
210 318
211 320
211 322
211 324
211 326
212 328
212 330
212 332
213 334
213 336
213 338
213 340
214 342
214 344
214 346
215 348
214 349
213 351
212 353
211 355
211 357
210 359
209 361
208 363
207 365
207 366
206 368
205 370
204 372
204 374
203 376
202 378
201 380
200 382
200 383
199 385
198 387
197 389
196 391
196 393
195 395
194 397
193 399
193 401
191 401
189 402
187 403
185 404
184 405
182 406
180 407
178 408
176 409
175 410
173 411
171 412
169 413
167 414
166 415
164 416
162 417
160 418
158 419
157 420
155 421
153 422
151 423
149 424
148 425
146 426
144 427
142 428
140 429
139 430
137 429
135 428
133 427
131 426
130 425
128 424
126 423
124 422
122 421
121 421
119 420
117 419
115 418
113 417
112 416
110 415
108 414
106 413
104 412
103 412
101 411
99 410
97 409
95 408
94 407
92 406
90 405
88 404
86 403
85 403
83 402
81 401
79 400
77 399
76 398
74 397
72 396
70 395
69 395
68 393
67 391
66 389
65 387
64 385
63 383
63 381
62 379
61 378
60 376
59 374
58 372
58 370
57 368
56 366
55 364
54 362
53 361
52 359
52 357
51 355
50 353
49 351
48 349
47 347
47 346
47 344
48 342
48 340
49 338
50 336
50 334
51 332
52 330
52 328
53 326
54 324
54 322
55 320
56 319
56 317
57 315
57 313
58 311
59 309
59 307
60 305
61 303
61 301
62 299
63 297
63 295
64 293
65 292
66 290
68 289
69 288
71 287
73 285
74 284
76 283
78 282
79 280
81 279
83 278
84 277
86 275
88 274
89 273
91 272
93 270
94 269
96 268
98 267
100 266
102 266
104 266
106 266
108 266
110 265
112 265
114 265
116 265
118 265
120 264
122 264
124 264
126 264
128 264
130 263
132 263
134 263
136 263
138 263
140 262
142 262
144 262
146 262
148 262
150 261
152 261
154 261
156 261
158 261
160 260
162 260
164 260
166 260
168 260
170 259
172 259
174 259
176 259
178 259
180 259
182 259
184 259
186 258
188 258
190 258
192 258
194 258
196 258
198 258
200 258
202 257
204 257
206 257
208 257
210 257
212 257
214 257
216 257
218 256
220 256
222 256
224 256
226 256
228 256
230 256
232 256
234 255
236 255
238 255
240 255
242 255
244 255
246 255
248 255
250 255
252 255
254 255
256 255
258 255
260 255
262 255
264 255
266 255
268 255
270 255
272 255
274 255
276 255
278 255
280 255
282 255
284 255
286 255
288 255
290 255
292 255
294 255
296 255
298 255
300 255
302 255
304 255
306 255
308 255
310 255
312 255
314 255
316 255
318 255
320 255
322 255
324 255
326 255
328 255
330 255
332 255
334 255
336 255
338 255
340 255
342 255
344 255
346 255
349 255
351 255
353 255
355 255
357 255
359 255
361 255
363 255
365 255
367 255
369 255
371 255
373 256
375 256
377 256
379 256
381 256
383 256
385 256
387 256
389 256
391 256
393 256
395 256
397 257
399 257
401 257
403 257
405 257
407 257
409 257
411 257
413 257
415 257
417 257
419 258
421 258
423 258
425 258
427 258
429 258
431 258
433 258
435 258
437 258
439 258
441 258
443 259
445 259
447 259
449 259
451 259
453 259
455 259
457 259
459 259
461 259
463 259
466 260
468 260
470 260
472 260
474 260
476 261
478 261
480 261
482 261
484 261
486 262
488 262
490 262
492 262
494 262
496 263
498 263
500 263
502 263
504 263
506 264
508 264
510 264
512 264
514 265
516 265
518 265
520 265
522 265
524 266
526 266
528 266
530 266
532 266
534 267
536 267
538 267
540 267
542 267
544 268
546 268
548 268
550 268
552 269
554 269
556 269
558 269
560 270
562 270
564 270
566 271
568 271
570 271
572 272
574 272
576 272
578 272
580 273
582 273
584 273
586 274
588 274
590 274
592 275
594 275
596 275
598 275
600 276
602 276
604 276
606 277
608 277
610 277
613 278
613 279
614 281
615 283
616 285
617 287
618 289
618 291
619 293
620 294
621 296
622 298
623 300
623 302
624 304
625 306
626 308
627 309
628 311
628 313
629 315
630 317
631 319
632 321
633 323
633 324
633 326
634 328
634 330
634 332
635 334
635 336
635 338
636 340
636 342
636 344
637 346
637 348
637 350
638 352
638 354
639 356
639 358
639 360
640 362
640 364
640 366
641 368
641 370
641 372
642 374
642 376
642 378
643 380
643 382
643 384
644 386
644 388
645 390
644 392
644 394
644 396
644 398
644 400
643 402
643 404
643 406
643 408
643 410
642 412
642 414
642 416
642 418
642 420
641 422
641 424
641 426
641 428
641 430
640 432
640 434
640 436
640 438
640 440
639 442
639 444
639 446
639 448
639 450
639 453
638 454
638 456
637 458
637 460
637 462
636 464
636 466
636 468
635 470
635 472
635 474
634 476
634 478
634 480
633 482
633 484
633 486
632 488
632 490
632 492
631 494
631 496
631 498
630 500
630 502
630 504
629 506
629 508
629 510
628 512
628 514
628 516
627 518
627 520
627 522
626 523
625 525
624 527
624 529
623 531
622 533
622 535
621 537
620 539
620 541
619 543
618 545
618 547
617 549
616 551
616 553
615 555
614 557
614 559
612 560
611 561
609 563
608 564
606 566
605 567
603 569
602 570
600 572
599 573
597 574
596 576
594 577
593 579
591 580
590 582
588 583
587 585
585 586
584 588
582 588
580 588
578 589
576 589
574 590
572 590
570 591
568 591
566 591
564 592
562 592
560 593
558 593
556 594
554 594
552 594
550 595
548 595
546 596
544 596
542 597
540 597
539 598
537 597
535 596
533 595
531 595
529 594
527 593
525 592
523 592
521 591
520 590
518 589
516 589
514 588
512 587
510 586
508 586
506 585
504 584
502 583
501 583
499 582
497 581
495 580
493 580
491 579
489 578
487 577
485 577
483 576
482 575
480 574
478 574
476 573
474 572
472 571
470 571
468 570
466 569
465 569
462 568
460 568
458 568
456 567
454 567
452 567
450 566
448 566
446 566
444 565
442 565
440 565
438 564
436 564
434 564
432 563
430 563
428 563
426 563
424 562
422 562
420 562
418 561
416 561
414 561
412 560
410 560
408 560
406 559
404 559
402 559
400 558
398 558
396 558
394 557
392 557
390 557
388 557
386 557
384 557
382 557
380 557
378 557
376 557
374 557
372 557
370 557
368 557
366 557
364 557
362 557
360 557
358 557
356 557
354 557
352 557
350 558
348 558
346 558
344 558
342 558
340 558
338 558
336 558
334 558
332 558
330 558
328 558
326 558
324 558
322 558
320 558
318 558
316 558
314 558
312 559
309 559
307 559
305 560
303 560
301 560
299 561
297 561
295 561
293 562
291 562
289 562
287 563
285 563
283 564
281 564
279 564
277 565
275 565
273 565
271 566
269 566
267 566
265 567
263 567
261 567
259 568
257 568
255 569
253 570
252 571
250 573
249 574
247 575
246 577
244 578
243 580
241 581
240 582
239 584
237 585
236 586
234 588
233 589
231 591
230 592
228 593
227 595
226 596
224 597
223 599
221 600
220 602
218 603
217 604
215 606
214 607
213 609
213 611
213 613
213 615
213 617
213 619
213 621
213 623
213 625
213 627
213 629
213 631
213 633
213 635
213 637
213 639
213 641
213 643
213 645
213 647
213 649
213 651
213 653
213 655
213 657
213 659
213 661
213 663
213 665
213 667
213 669
213 671
214 674
213 676
213 678
213 680
213 682
212 684
212 686
212 688
212 690
212 692
211 694
211 696
211 698
211 700
210 702
210 704
210 706
210 708
210 710
209 712
209 714
209 716
209 718
209 720
208 722
208 724
208 726
208 728
207 730
207 732
207 734
207 736
207 738
206 740
206 742
206 744
206 746
206 749
205 751
205 753
205 755
205 757
205 759
205 761
205 763
205 765
205 767
205 769
205 771
205 773
205 775
205 777
205 779
205 781
205 783
205 785
205 787
205 789
205 791
205 793
205 795
205 797
205 799
205 801
205 803
205 805
205 807
205 809
205 811
205 813
205 815
205 817
205 819
205 821
205 823
205 825
205 827
205 829
205 831
205 833
205 835
205 837
205 840
204 842
204 844
204 846
204 848
204 850
203 852
203 854
203 856
203 858
203 860
203 862
202 864
202 866
202 868
202 870
202 872
201 874
201 876
201 878
201 880
201 882
201 884
200 886
200 888
200 890
200 892
200 894
199 896
199 898
199 900
199 902
199 904
199 906
198 908
198 910
198 912
198 914
198 916
198 919
198 921
198 923
198 925
198 927
198 929
198 931
199 933
199 935
199 937
199 939
199 941
199 943
199 945
200 947
200 949
200 951
200 953
200 955
200 957
200 959
201 961
201 963
201 965
201 967
201 969
201 971
201 973
202 976
201 977
201 979
200 981
200 983
200 985
199 987
199 989
198 991
198 993
198 995
197 997
197 999
196 1001
196 1003
196 1005
195 1007
195 1009
194 1011
194 1013
194 1015
193 1017
193 1019
192 1021
192 1023
192 1025
190 1026
189 1027
187 1029
186 1030
184 1032
183 1033
182 1035
180 1036
179 1037
177 1039
176 1040
174 1042
173 1043
172 1045
170 1046
169 1047
167 1049
166 1050
164 1052
163 1053
162 1055
160 1055
158 1056
156 1056
154 1057
152 1058
150 1058
148 1059
146 1059
144 1060
142 1061
140 1061
138 1062
136 1062
134 1063
132 1064
130 1064
128 1065
127 1066
125 1065
123 1064
121 1063
119 1062
118 1061
116 1060
114 1059
112 1058
110 1057
109 1056
107 1055
105 1054
103 1053
101 1052
100 1051
98 1050
96 1049
94 1048
92 1047
91 1046
89 1045
87 1044
85 1043
83 1042
82 1041
80 1040
78 1039
76 1038
74 1037
73 1036
71 1034
70 1032
69 1030
68 1029
67 1027
66 1025
65 1024
63 1022
62 1020
61 1018
60 1017
59 1015
58 1013
57 1012
55 1010
54 1008
53 1006
52 1005
51 1003
50 1001
49 1000
49 998
49 996
49 994
50 992
50 990
50 988
50 986
51 984
51 982
51 980
51 978
52 976
52 974
52 972
52 970
53 968
53 966
53 964
53 962
54 960
54 958
54 956
54 954
55 952
55 950
55 948
55 946
56 944
57 943
59 942
61 941
63 941
65 940
67 939
69 939
71 938
73 937
74 937
76 936
78 935
80 935
82 934
84 933
86 933
88 932
90 931
91 931
93 930
95 929
97 929
99 928
101 927
103 927
105 926
107 925
108 925
110 924
112 923
114 923
116 922
118 921
120 921
122 920
124 919
125 919
127 918
129 917
131 917
133 916
135 915
137 915
139 914
141 913
143 913
145 913
147 913
149 913
151 913
153 913
155 913
157 913
159 913
161 913
163 913
165 913
167 913
169 913
171 913
173 913
175 913
177 913
179 913
181 914
183 914
185 914
187 914
189 914
191 914
193 914
195 914
197 914
199 914
201 914
203 914
205 914
207 914
209 914
211 914
213 914
215 914
217 915
219 915
221 915
223 915
225 915
227 915
229 915
231 915
233 915
235 915
237 915
239 915
241 915
243 915
245 915
247 915
249 915
251 915
254 916
256 916
258 916
260 916
262 916
264 916
266 916
268 916
270 916
272 916
274 916
276 916
278 916
280 916
282 916
284 916
286 916
288 916
290 916
292 916
294 916
296 916
298 916
300 916
302 916
304 916
306 916
308 916
310 916
312 916
314 916
316 916
318 917
320 917
322 917
324 917
326 917
328 917
330 917
332 917
334 917
336 917
338 917
340 917
342 917
344 917
346 917
348 917
350 917
352 917
354 917
356 917
358 917
360 917
362 917
364 917
366 917
368 917
370 917
372 917
374 917
376 917
378 917
380 918
382 918
384 918
386 918
388 918
390 918
392 918
394 918
396 918
398 918
400 918
402 918
404 918
406 918
408 918
410 918
412 918
414 918
416 918
418 918
420 918
422 918
424 918
426 918
428 918
430 918
432 918
434 918
436 918
438 918
440 918
443 919
445 918
447 918
449 918
451 918
453 918
455 918
457 918
459 918
461 918
463 918
465 918
467 918
469 918
471 918
473 918
475 918
477 918
479 918
481 918
483 918
485 918
487 918
489 918
491 918
493 918
495 918
497 918
499 918
501 918
503 918
505 918
507 918
509 918
511 918
513 918
515 918
517 918
519 918
521 918
523 918
525 918
527 918
529 918
531 918
533 918
535 918
537 917
539 917
541 917
543 917
545 917
547 917
549 917
551 917
553 917
555 917
557 917
559 917
561 917
563 917
565 917
567 917
569 917
571 917
573 917
575 917
577 917
579 917
581 917
583 917
585 917
587 917
589 917
591 917
593 917
595 917
597 917
599 917
601 917
603 917
605 917
607 917
609 917
611 917
613 917
615 917
617 917
619 917
621 917
623 917
625 917
627 917
629 917
631 917
633 917
635 917
637 917
639 917
641 917
643 917
645 917
647 917
649 917
651 917
653 917
655 917
657 917
659 917
661 917
663 917
665 917
667 917
669 917
671 917
673 917
675 917
677 917
679 917
681 917
683 917
685 917
687 917
689 917
691 917
693 917
695 917
697 917
